1000 1000
41 449
328 474
150 709
467 329
936 440
700 117
258 811
952 491
993 931
823 431
359 590
899 153
292 370
404 698
699 876
442 705
757 527
868 893
642 273
18 885
675 788
291 303
656 660
126 704
225 862
522 617
630 725
17 847
715 732
502 778
304 32
168 841
288 76
31 934
245 626
419 782
875 723
346 335
992 70
369 545
610 611
60 935
738 829
962 369
918 282
928 407
602 312
532 517
102 80
907 525
829 84
635 629
682 921
964 304
642 364
16 717
898 53
264 824
751 558
92 496
963 277
152 618
333 743
632 559
27 40
323 149
925 703
953 427
76 161
990 326
442 275
726 373
931 901
177 749
197 570
416 922
479 17
397 139
900 559
744 654
393 353
597 517
527 477
568 37
599 326
281 806
365 9
592 998
321 176
649 460
273 730
53 998
392 911
894 785
109 467
725 879
624 461
790 419
296 611
791 505
295 609
917 434
580 244
503 525
776 273
218 998
839 577
975 670
192 465
90 329
493 586
285 494
441 175
445 612
560 777
784 266
570 778
982 130
452 599
520 280
32 155
172 628
951 185
796 866
137 500
186 632
248 35
308 624
336 882
857 405
840 122
821 415
860 967
312 633
11 694
554 448
865 365
70 702
598 508
983 843
844 674
388 780
240 407
998 575
158 275
61 395
589 734
823 902
165 152
696 172
957 298
366 664
404 545
431 533
434 503
115 42
697 750
123 411
263 971
671 517
527 420
847 937
193 172
294 396
258 89
464 266
443 709
96 690
285 651
781 251
309 331
154 33
912 798
831 925
309 729
293 539
623 955
481 140
173 202
122 159
530 430
162 456
32 638
266 413
236 4
128 481
741 629
173 305
470 995
166 4
769 896
941 384
192 622
451 410
305 799
305 849
348 139
822 42
480 269
511 169
756 238
762 666
175 972
99 472
184 620
798 95
497 623
542 923
12 943
48 167
973 405
488 566
703 18
484 142
205 255
51 893
168 352
391 944
256 141
235 803
692 735
878 663
278 538
140 681
693 603
992 123
550 673
636 276
354 444
674 571
828 459
17 436
98 129
798 69
29 925
1 753
138 295
567 197
31 736
157 104
875 69
536 484
548 460
623 602
624 897
398 492
896 948
123 572
734 248
185 493
263 252
196 108
25 306
983 741
405 522
132 499
761 910
158 742
936 831
644 816
870 696
940 561
357 995
466 199
32 433
301 748
338 322
471 103
92 873
782 828
446 406
981 357
386 534
80 676
823 324
66 321
805 471
536 193
625 348
518 344
308 248
846 332
884 9
588 102
705 678
574 17
399 105
205 561
553 924
274 826
41 946
581 705
648 956
436 355
510 961
605 481
911 624
57 826
671 926
221 120
731 505
719 155
438 808
218 853
625 903
190 752
827 381
257 679
181 722
636 508
551 992
166 680
956 538
866 300
399 625
836 831
129 451
584 847
404 646
751 425
268 661
30 304
875 52
806 610
16 918
84 665
156 808
20 462
657 71
478 587
965 130
334 295
633 714
22 247
335 751
181 598
239 169
475 826
752 588
263 992
532 527
536 596
461 512
103 209
786 145
581 71
195 675
205 969
799 596
369 744
668 402
1000 80
65 768
483 946
281 824
572 503
200 641
701 361
1 149
462 222
152 517
612 893
584 698
787 223
750 180
971 538
303 411
77 236
571 635
969 847
891 64
524 684
529 660
768 247
511 972
261 929
863 522
222 483
290 843
592 295
111 448
125 62
542 734
872 86
409 524
589 943
1 560
28 522
322 86
941 625
387 437
44 677
587 331
608 28
200 757
925 868
132 690
942 831
409 595
748 40
532 763
17 194
170 31
844 604
213 733
904 356
225 742
940 941
295 694
386 4
335 971
527 487
566 506
947 319
67 896
126 165
927 47
406 592
147 405
372 699
606 783
356 63
549 20
722 112
784 989
248 646
913 808
462 354
995 130
212 824
611 9
605 182
671 649
657 613
883 343
395 439
995 255
211 449
287 618
277 242
148 113
305 209
82 4
171 59
297 842
26 131
330 249
892 673
614 883
888 558
461 924
281 640
644 218
397 917
828 350
875 239
990 597
948 974
924 772
478 380
653 288
692 584
710 933
18 404
430 228
496 952
956 487
514 244
913 841
58 686
958 238
102 199
531 808
312 36
182 259
54 953
69 690
460 750
372 786
926 535
97 678
93 873
50 788
954 114
927 661
87 999
929 775
722 342
28 159
754 193
66 884
953 70
322 845
127 281
136 805
667 614
622 596
306 689
682 50
106 237
641 527
653 857
392 397
818 810
509 699
638 58
654 945
339 681
15 651
707 58
280 395
885 844
107 918
713 731
395 504
802 256
309 597
876 283
458 11
115 604
90 783
80 533
278 272
967 123
53 320
694 248
484 699
126 84
423 951
698 675
989 51
244 472
220 397
891 856
642 466
458 175
455 607
146 10
145 374
24 922
637 429
596 777
94 803
263 586
271 779
334 428
869 540
287 571
754 558
314 379
387 878
803 838
790 206
445 909
658 229
496 930
531 132
137 654
655 792
339 723
382 123
706 920
167 550
630 636
60 491
510 475
600 508
221 558
905 455
538 934
147 494
537 452
330 892
322 319
903 900
718 320
319 277
381 629
684 136
560 930
116 503
324 995
321 621
636 961
583 538
262 78
143 355
624 186
867 803
368 565
243 626
145 801
943 579
940 269
411 560
802 578
200 419
614 607
53 157
877 58
496 270
676 564
574 148
141 951
331 5
242 407
482 412
744 771
880 529
178 366
480 759
874 363
888 227
456 474
966 795
96 522
556 780
580 165
567 943
327 754
479 11
661 416
415 907
753 962
384 411
907 206
748 408
199 457
315 958
940 780
158 682
356 675
766 504
526 944
444 16
265 196
302 374
555 922
711 965
997 762
211 80
150 833
471 917
320 480
658 954
632 527
662 646
37 970
164 776
812 720
397 856
687 595
685 16
397 540
499 178
208 213
417 292
479 842
103 109
627 121
181 453
854 681
438 247
696 774
616 447
952 808
877 414
172 864
745 702
350 380
574 815
235 15
147 579
149 325
30 279
154 47
919 478
669 496
646 256
206 851
758 265
740 602
468 121
416 836
698 500
853 841
928 880
248 728
586 580
430 659
37 724
787 258
470 416
359 43
579 385
826 352
317 22
920 463
421 817
760 734
791 588
826 871
951 321
323 358
213 773
602 243
636 415
526 201
261 494
220 622
994 815
189 84
793 618
514 832
450 605
862 173
835 981
672 915
763 556
919 512
337 474
899 503
475 533
485 187
224 987
559 819
839 466
783 511
509 787
763 379
197 536
557 953
941 268
73 173
619 476
813 245
771 576
565 148
398 463
159 446
912 63
370 982
940 198
471 485
355 575
182 62
709 599
1 734
45 878
132 667
703 913
427 739
950 807
860 386
445 595
894 597
116 676
189 5
373 552
233 514
990 662
241 864
224 520
727 93
592 78
289 907
663 168
566 33
550 738
994 706
57 993
676 652
726 879
773 550
90 595
166 232
900 507
158 50
180 968
914 742
646 976
142 430
546 491
615 887
869 776
454 890
138 663
82 806
923 831
620 26
236 543
478 195
134 939
160 386
150 81
62 38
511 252
566 57
862 126
607 916
443 170
946 476
726 143
330 852
192 265
981 405
888 351
494 878
779 624
224 185
699 473
315 532
320 428
184 637
254 734
159 392
639 478
452 26
585 856
224 766
317 491
851 409
53 443
183 84
744 806
279 255
996 431
932 97
300 126
365 773
830 974
62 244
916 625
642 860
145 219
743 652
907 653
444 787
937 185
835 337
711 563
530 222
467 246
549 329
180 283
697 92
625 448
165 527
972 110
463 377
239 864
655 797
340 2
986 311
142 416
649 282
189 552
932 204
144 148
393 681
990 671
514 774
79 967
958 950
596 11
610 681
159 889
903 85
90 366
184 774
472 180
408 690
253 798
388 79
318 577
330 260
379 431
163 493
356 810
46 405
145 241
258 689
866 337
280 587
665 406
761 994
394 996
542 520
8 367
348 276
616 178
80 568
977 751
473 209
492 465
418 650
743 82
69 76
512 191
961 760
868 98
653 340
571 53
64 854
390 700
948 248
189 67
740 23
500 921
756 643
247 627
909 93
341 863
713 809
655 968
437 720
67 784
546 147
597 815
898 430
368 541
863 941
59 835
787 171
498 70
335 64
49 462
733 538
454 749
78 872
312 61
377 707
933 646
137 565
469 151
287 377
209 8
991 118
444 744
18 742
21 905
488 239
993 341
694 705
633 277
332 747
166 874
298 618
958 175
76 767
643 673
649 745
9 998
972 35
227 63
409 799
686 232
32 222
632 846
765 440
991 26
593 466
302 273
302 534
672 967
556 686
242 928
192 442
163 566
932 974
755 1
249 115
464 169
4 86
923 760
978 776
938 947
991 86
796 543
667 131
639 456
986 542
584 204
830 830
365 555
7 235
773 709
477 597
570 203
186 669
752 343
272 341
714 562
404 422
592 495
725 7
781 122
993 47
390 730
264 863
